#chr	start	stop	cn_number
1	10742169	10758656	1
2	106695217	106695727	0
2	122367727	122369816	3
3	53077004	53080708	1
3	162541264	162622536	1
4	69387077	69484120	3
5	180376201	180431029	1
6	29910087	29925871	0
6	31237209	31239881	1
6	170110455	170139160	1
7	989709	994146	3
7	45609148	45614673	1
9	92293556	92299771	1
9	131445737	131458304	1
10	95454609	95475475	1
11	85889914	85898585	1
12	620345	622161	1
14	106788724	106810907	1
14	106887625	106918133	0
15	20444680	20564667	3
15	30409036	30878082	1
15	90188570	90196395	1
15	101790577	101796790	1
16	188707	220916	1
16	777100	784268	3
16	58212894	58249504	1
16	80978914	80993875	3
16	88598204	88607868	1
18	56487727	56532992	3
18	63904856	63911471	1
19	23505855	23511919	1
19	52133011	52149523	1
19	57671961	57694711	1
20	5148082	5200588	3
22	20311941	20372883	1
23	152938495	152960187	1
24	16309935	16345315	3
24	18160123	21038553	3
24	23535310	24382391	1
24	24522064	28773648	1
